Antigravity intro
room -800 -450 6400 900
	1600 0 2400 450
		speed 1 0
		antigravity 60 70
room 5600 -2925 800 3375
	5800 -1800 350 50
		speed 0 2
		antigravity 90 15
	6000 -2150 500 50
		couldownedAttack 1 100 1
	5750 -2475 300 50
		couldownedAttack 1 100 1
	6250 -2475 300 50
		couldownedAttack 1 100 1
	6000 -2900 500 50
		couldownedAttack 1 100 1
	5800 425 400 50
		bounce 0.003 1.3 1
room 5600 -3600 2800 675
	6425 -3150 50 450
		kill 1
	7225 -3375 50 450
		kill 1
room 8000 -2925 4800 900
	8425 -2812.5 50 225
		kill 1
	8425 -2137.5 50 225
		kill 1
	10600 -2475 4400 450
		antigravity 15 14
	10625 -2837.5 4350 175
		continuousAttack 0.0189 1
	10625 -2112.5 4350 175
		continuousAttack 0.0189 1
room 12800 -2925 400 2250
	13000 -787.5 400 225
		goal 1
