Autoballad
room -800 -450 1600 900
	12.5 -187.5 75 75
		text 100 <text><en>Just press right</en></text>
emptyroom 800 -450 1600 900
emptyroom 1600 450 200 450
room 1800 675 900 900
	2250 1525 900 100
		bounce 0.003 1 1
room 2575 -900 475 1575
	2637.5 562.5 125 225
		antigravity 60 15
	2825 -800 350 100
		dash 60 0 60 -50 0
	2950 -237.5 150 975
		wind -40 0
room -400 -900 2975 175
	812.5 -812.5 25 175
	287.5 -825 25 150
	250 -812.5 50 25
	325 -812.5 50 25
	312.5 -787.5 25 25
	262.5 -787.5 25 25
room 100 -725 400 175
	450 -612.5 100 125
		goal 1
