Cars
room -800 -450 9625 900
	-775 387.5 50 125
		bounce 0.003 1.55 1
		speed 26 0
room 8400 -900 2800 450
	8437.5 -862.5 75 75
		heal 2 1
	11162.5 -862.5 75 75
		heal 2 1
emptyroom 10800 -450 400 225
room 9275 -225 14725 1050
	9325 175 50 50
		bounce 0.003 0.7 1
		speed 22 0
	9425 325 50 50
		bounce 0.003 0.8 1
		speed 22 0
		speed 0 0
	9387.5 775 225 50
		bounce 0 1.3 1
		speed 22 0
	14087.5 562.5 25 525
		couldownedAttack 1 100 1
	15287.5 200 25 550
		couldownedAttack 1 100 1
	16887.5 375 25 450
		couldownedAttack 1 100 1
	17687.5 87.5 25 325
		couldownedAttack 1 100 1
	17687.5 662.5 25 325
		couldownedAttack 1 100 1
	9325 450 50 50
		bounce 0.003 1.1 1
		speed 22 0
	9425 575 50 50
		bounce 0.003 1.1 1
		speed 22 0
	17687.5 387.5 25 225
		restoreJump 32
	15287.5 -150 25 150
		kill 1
	16887.5 -150 25 150
		kill 1
	17687.5 -150 25 150
		kill 1
	14087.5 -150 25 150
		kill 1
	23587.5 300 25 300
		kill 1
	23587.5 137.5 175 25
		kill 1
	23587.5 112.5 125 25
		kill 1
	23587.5 87.5 75 25
		kill 1
	23587.5 62.5 25 25
		kill 1
emptyroom 23200 -1125 1600 900
room 24400 -2025 1600 900
	25800 -1912.5 400 225
		goal 1