Merry go round
room -800 -450 2400 900
	425 0 50 900
		direction 2 10 2 60
	1175 -225 50 450
		direction 0 10 1 60
	1375 12.5 450 25
		kill 1
	1475 -250 100 300
		heal 322 1
room 1200 450 1600 900
	2000 700 100 500
		kill 1
	2600 1325 400 50
		bounce 0.003 2 1
	1225 1200 50 300
		couldownedAttack 2.51 100 1
	2425 1112.5 50 375
		couldownedAttack 1 100 1
	2375 537.5 50 175
		kill 1
room 2400 -450 1600 900
	3200 0 50 900
		kill 1
		rotation 0 0.01
	3125 237.5 100 425
		kill 1
	3275 -337.5 100 225
		kill 1
	2600 425 400 50
		direction 1 10 0.9 60
	2537.5 0 25 450
		restoreJump 0.3
room 4000 0 800 1200
	4687.5 1012.5 175 175
		heal 32222 1
room 2800 900 1200 675
	3037.5 1237.5 75 675
		direction 2 10 3 60
room -800 1050 2000 675
	-600 1087.5 400 75
		antigravity 240 15
	1125 1650 150 150
		heal 2 1
room -800 450 400 600
	-600 900 400 50
		direction 1 10 2.9 60
room -800 -4500 400 4050
	-600 -4387.5 400 225
		goal 1
	-600 -650 400 50
		couldownedAttack 1 100 1
