Bounce to sky
room -800 -450 4400 900
	1250 -112.5 50 675
		couldownedAttack 1 100
	2050 175 50 550
		couldownedAttack 1 100
	2825 112.5 50 675
		couldownedAttack 1 100
room 4400 -1800 1200 4500
	5400 37.5 400 75
		couldownedAttack 1.9 100
	5000 2662.5 1200 75
		bounce 0.9 0
	5200 500 800 100
		kill 1
	4600 1400 400 100
		couldownedAttack 2 100
	4600 37.5 400 75
		couldownedAttack 1.9 100
	4587.5 1150 325 50
		bounce 3 1
	4825 987.5 50 475
		couldownedAttack 1 100
emptyroom 5600 -2700 2000 1350
room 7200 -900 4800 900
	8025 -450 50 700
		rotation 0 0.03
		couldownedAttack 1.5 100
	9225 -450 50 700
		rotation 1.2 0.03
		couldownedAttack 1.5 100
	9787.5 -125 175 100
		heal 1.522
	11575 -675 50 450
		kill 1
	7250 -50 50 50
		spawner 120 1
			0 0 50 50 0 0
				rotation 0 0.05
				kill 1
				speed 10 -25
				acceleration 0 0.5
			endbuilder
	10425 -450 50 700
		rotation 1.2 -0.03
		couldownedAttack 1.5 100
	8600 -737.5 150 225
		restoreJump 0.918
	7600 -725 150 225
		restoreJump 0.9
	9825 -750 150 225
		restoreJump 0.918
	11300 -725 350 225
		restoreJump 0.9
	8425 -250 50 50
		spawner 150 1
			0 0 50 50 0 0
				rotation 0 0.05
				kill 1
				speed 10 -25
				acceleration 0 0.5
			endbuilder
	10800 -450 50 50
		spawner 40 1
			0 0 50 50 0 0
				rotation 0 0.05
				kill 1
				speed 10 -10
				acceleration 0 0.5
			endbuilder
	11775 -225 450 450
		bounce 1.5 0.003
	11800 -562.5 400 225
		restoreJump 1.3
room 12000 -1325 1600 900
	13400 -875 400 900
		goal 1
	12600 -975 25 175
	12675 -1050 125 25
	12662.5 -900 100 25
	12725 -937.5 25 100
	12687.5 -975 50 25
	12425 -975 25 175
	12500 -1050 125 25
	12487.5 -900 100 25
	12550 -937.5 25 100
	12512.5 -975 50 25
room 11600 -2250 400 1350
	11887.5 -2025 25 225
	11850 -1975 50 25
	11862.5 -1950 25 25
	11925 -1975 50 25
	11912.5 -1950 25 25
	11712.5 -2025 25 225
	11675 -1975 50 25
	11687.5 -1950 25 25
	11750 -1975 50 25
	11737.5 -1950 25 25
	11800 -1487.5 300 25
	11912.5 -1525 25 50
	11937.5 -1512.5 25 25
	11912.5 -1450 25 50
	11937.5 -1462.5 25 25
	11962.5 -1487.5 25 25
room 3600 -450 800 3150
	4375 500 50 1900
		kill 1
room 6400 -1350 800 900
	7400 -2150 250 150
		heal 2.5