Tutorial
room -800 -450 1600 900
    0 412.5 800 75
        bounce 0.91 0.003
    -662.5 -287.5 75 75
        kill 1
    -562.5 -187.5 75 75
        kill 1
    -662.5 -87.5 75 75
        kill 1
    -562.5 12.5 75 75
        kill 1
    575 300 100 100
        heal 2
    312.5 -137.5 175 175
        restoreJump 2
    -662.5 112.5 75 75
        kill 1

room 800 -450 1600 900
    1600 0 800 450
        couldownedAttack 1.5 100

room 2000 450 1200 625
    2675 675 250 250
        heal 12

room 2800 -450 1600 900
    3237.5 112.5 75 675
        kill 1
    3962.5 -112.5 75 675
        kill 1
    4000 337.5 800 225
        restoreJump 1.7

room 4000 -1350 1600 900
    4800 -900 400 700
        continuousAttack 0.04
    5175 -1162.5 50 375
        couldownedAttack 1 120

room 5200 -2250 1600 900
    5425 -1500 350 150
        heal 2

room 6400 -1350 1600 900
    7200 -900 150 150
        goal 1

